  5   /ncomp
  0.000000E+00  -0.612482E+01   0.000000E+00   0.000000E+00  -0.114520E-05
 -0.216904E+00  -0.504439E+01   0.375688E+00  -0.707106E+00  -0.122475E+01
  0.433808E+00  -0.504439E+01   0.000000E+00  -0.141421E+01   0.000000E+00
 -0.216904E+00  -0.504439E+01  -0.375688E+00   0.707107E+00  -0.122474E+01
  0.433808E+00  -0.504439E+01   0.000000E+00   0.141421E+01   0.000000E+00
 -0.216904E+00  -0.504439E+01   0.375688E+00   0.707106E+00   0.122475E+01
 -0.216904E+00  -0.504439E+01  -0.375688E+00  -0.707107E+00   0.122474E+01
  0.322931E+00  -0.518201E+01   0.141421E+01   0.244045E+00  -0.788069E+00
  0.106328E+01  -0.518201E+01   0.986774E+00  -0.560466E+00   0.605384E+00
 -0.138621E+01  -0.518201E+01  -0.427440E+00   0.804510E+00  -0.182685E+00
 -0.138621E+01  -0.518201E+01   0.427440E+00  -0.804510E+00  -0.182686E+00
  0.106328E+01  -0.518201E+01  -0.986773E+00   0.560465E+00   0.605384E+00
  0.322932E+00  -0.518201E+01  -0.141421E+01  -0.244045E+00  -0.788069E+00
  0.322931E+00  -0.518201E+01   0.141421E+01  -0.244045E+00   0.788069E+00
  0.106328E+01  -0.518201E+01   0.986774E+00   0.560466E+00  -0.605384E+00
 -0.138621E+01  -0.518201E+01  -0.427440E+00  -0.804510E+00   0.182685E+00
 -0.138621E+01  -0.518201E+01   0.427440E+00   0.804510E+00   0.182686E+00
  0.106328E+01  -0.518201E+01  -0.986774E+00  -0.560466E+00  -0.605384E+00
  0.322931E+00  -0.518201E+01  -0.141421E+01   0.244045E+00   0.788069E+00
  0.118698E+00  -0.462201E+01   0.141421E+01  -0.276802E+00  -0.147318E+01
  0.116540E+01  -0.462201E+01   0.809903E+00  -0.141421E+01   0.496873E+00
 -0.128409E+01  -0.462201E+01  -0.604311E+00   0.113741E+01  -0.976308E+00
 -0.128409E+01  -0.462201E+01   0.604311E+00  -0.113741E+01  -0.976308E+00
  0.116540E+01  -0.462201E+01  -0.809902E+00   0.141421E+01   0.496873E+00
  0.118698E+00  -0.462201E+01  -0.141421E+01   0.276802E+00  -0.147318E+01
  0.118698E+00  -0.462201E+01   0.141421E+01   0.276802E+00   0.147318E+01
  0.116540E+01  -0.462201E+01   0.809903E+00   0.141421E+01  -0.496873E+00
 -0.128409E+01  -0.462201E+01  -0.604311E+00  -0.113741E+01   0.976308E+00
 -0.128409E+01  -0.462201E+01   0.604311E+00   0.113741E+01   0.976308E+00
  0.116540E+01  -0.462201E+01  -0.809903E+00  -0.141421E+01  -0.496873E+00
  0.118698E+00  -0.462201E+01  -0.141421E+01  -0.276802E+00   0.147318E+01
 -0.167291E+00  -0.504439E+01  -0.289756E+00  -0.141421E+01  -0.816497E+00
  0.334582E+00  -0.504439E+01   0.000000E+00   0.000000E+00  -0.163299E+01
 -0.167291E+00  -0.504439E+01   0.289756E+00   0.141421E+01  -0.816496E+00
 -0.167291E+00  -0.504439E+01  -0.289756E+00   0.141421E+01   0.816497E+00
  0.334582E+00  -0.504439E+01   0.000000E+00   0.000000E+00   0.163299E+01
 -0.167291E+00  -0.504439E+01   0.289756E+00  -0.141421E+01   0.816496E+00
  0.816497E+00  -0.518201E+01   0.141421E+01   0.000000E+00   0.000000E+00
 -0.163299E+01  -0.518201E+01   0.000000E+00   0.000000E+00   0.000000E+00
  0.816497E+00  -0.518201E+01  -0.141421E+01   0.000000E+00   0.000000E+00
  0.816497E+00  -0.390841E+01   0.141421E+01  -0.141421E+01  -0.816496E+00
 -0.163299E+01  -0.390841E+01   0.000000E+00   0.000000E+00  -0.163299E+01
  0.816497E+00  -0.390841E+01  -0.141421E+01   0.141421E+01  -0.816496E+00
  0.816496E+00  -0.390841E+01   0.141421E+01   0.141421E+01   0.816497E+00
 -0.163299E+01  -0.390841E+01   0.000000E+00   0.000000E+00   0.163299E+01
  0.816496E+00  -0.390841E+01  -0.141421E+01  -0.141421E+01   0.816497E+00
  0.718777E+00  -0.504439E+01   0.124496E+01   0.707107E+00  -0.122474E+01
  0.718776E+00  -0.504439E+01   0.124496E+01  -0.707107E+00   0.122474E+01
 -0.143755E+01  -0.504439E+01   0.000000E+00   0.141421E+01   0.000000E+00
 -0.143755E+01  -0.504439E+01   0.000000E+00  -0.141421E+01   0.000000E+00
  0.718776E+00  -0.504439E+01  -0.124496E+01   0.707107E+00   0.122474E+01
  0.718777E+00  -0.504439E+01  -0.124496E+01  -0.707106E+00  -0.122475E+01
  0.698168E+00  -0.496571E+01   0.141421E+01   0.669177E+00  -0.124664E+01
  0.875661E+00  -0.496571E+01   0.131174E+01  -0.745037E+00   0.120285E+01
 -0.157383E+01  -0.496571E+01  -0.102476E+00   0.141421E+01  -0.437978E-01
 -0.157383E+01  -0.496571E+01   0.102475E+00  -0.141421E+01  -0.437980E-01
  0.875661E+00  -0.496571E+01  -0.131174E+01   0.745037E+00   0.120285E+01
  0.698168E+00  -0.496571E+01  -0.141421E+01  -0.669177E+00  -0.124664E+01
  0.698168E+00  -0.496571E+01   0.141421E+01  -0.669177E+00   0.124664E+01
  0.875661E+00  -0.496571E+01   0.131174E+01   0.745037E+00  -0.120285E+01
 -0.157383E+01  -0.496571E+01  -0.102476E+00  -0.141421E+01   0.437977E-01
 -0.157383E+01  -0.496571E+01   0.102475E+00   0.141421E+01   0.437980E-01
  0.875661E+00  -0.496571E+01  -0.131174E+01  -0.745037E+00  -0.120285E+01
  0.698168E+00  -0.496571E+01  -0.141421E+01   0.669177E+00   0.124664E+01
  0.334582E+00  -0.457299E+01   0.141421E+01   0.000000E+00  -0.163299E+01
  0.105745E+01  -0.457299E+01   0.996863E+00  -0.141421E+01   0.816496E+00
 -0.139204E+01  -0.457299E+01  -0.417351E+00   0.141421E+01  -0.816496E+00
 -0.139204E+01  -0.457299E+01   0.417350E+00  -0.141421E+01  -0.816497E+00
  0.105745E+01  -0.457299E+01  -0.996863E+00   0.141421E+01   0.816497E+00
  0.334582E+00  -0.457299E+01  -0.141421E+01   0.000000E+00  -0.163299E+01
  0.334582E+00  -0.457299E+01   0.141421E+01   0.000000E+00   0.163299E+01
  0.105745E+01  -0.457299E+01   0.996864E+00   0.141421E+01  -0.816496E+00
 -0.139204E+01  -0.457299E+01  -0.417351E+00  -0.141421E+01   0.816496E+00
 -0.139204E+01  -0.457299E+01   0.417350E+00   0.141421E+01   0.816497E+00
  0.105745E+01  -0.457299E+01  -0.996863E+00  -0.141421E+01  -0.816496E+00
  0.334582E+00  -0.457299E+01  -0.141421E+01   0.000000E+00   0.163299E+01
  0.163299E+01  -0.518201E+01   0.000000E+00   0.000000E+00   0.000000E+00
 -0.816497E+00  -0.518201E+01   0.141421E+01   0.000000E+00   0.000000E+00
 -0.816496E+00  -0.518201E+01  -0.141421E+01   0.000000E+00   0.000000E+00
  0.163299E+01  -0.429476E+01   0.000000E+00   0.000000E+00  -0.163299E+01
 -0.816497E+00  -0.429476E+01   0.141421E+01  -0.141421E+01   0.816496E+00
 -0.816497E+00  -0.429476E+01   0.141421E+01   0.141421E+01  -0.816496E+00
 -0.816496E+00  -0.429476E+01  -0.141421E+01  -0.141421E+01  -0.816497E+00
 -0.816496E+00  -0.429476E+01  -0.141421E+01   0.141421E+01   0.816497E+00
  0.163299E+01  -0.429476E+01   0.000000E+00   0.000000E+00   0.163299E+01
  0.816497E+00  -0.493156E+01   0.141421E+01   0.707107E+00  -0.122474E+01
  0.816496E+00  -0.493156E+01   0.141421E+01  -0.707107E+00   0.122474E+01
 -0.163299E+01  -0.493156E+01   0.000000E+00   0.141421E+01   0.000000E+00
 -0.163299E+01  -0.493156E+01   0.000000E+00  -0.141421E+01   0.000000E+00
  0.816497E+00  -0.493156E+01  -0.141421E+01   0.707107E+00   0.122474E+01
  0.816497E+00  -0.493156E+01  -0.141421E+01  -0.707107E+00  -0.122474E+01
  0.163299E+01  -0.435204E+01   0.000000E+00  -0.141421E+01   0.000000E+00
 -0.816497E+00  -0.435204E+01   0.141421E+01  -0.707107E+00  -0.122474E+01
 -0.816496E+00  -0.435204E+01  -0.141421E+01   0.707107E+00  -0.122474E+01
  0.163299E+01  -0.435204E+01   0.000000E+00   0.141421E+01   0.000000E+00
 -0.816497E+00  -0.435204E+01   0.141421E+01   0.707107E+00   0.122475E+01
 -0.816496E+00  -0.435204E+01  -0.141421E+01  -0.707107E+00   0.122474E+01
 -0.163299E+01   0.390841E+01   0.000000E+00   0.141421E+01   0.816497E+00
  0.816497E+00   0.390841E+01  -0.141421E+01   0.141421E+01   0.816497E+00
  0.816497E+00   0.390841E+01  -0.141421E+01   0.000000E+00   0.163299E+01
  0.816496E+00   0.390841E+01   0.141421E+01   0.000000E+00   0.163299E+01
  0.816496E+00   0.390841E+01   0.141421E+01  -0.141421E+01   0.816496E+00
 -0.163299E+01   0.390841E+01   0.000000E+00  -0.141421E+01   0.816496E+00
 -0.163299E+01   0.390841E+01   0.000000E+00  -0.141421E+01  -0.816497E+00
  0.816497E+00   0.390841E+01  -0.141421E+01  -0.141421E+01  -0.816497E+00
  0.816497E+00   0.390841E+01  -0.141421E+01   0.000000E+00  -0.163299E+01
  0.816496E+00   0.390841E+01   0.141421E+01   0.000000E+00  -0.163299E+01
  0.816497E+00   0.390841E+01   0.141421E+01   0.141421E+01  -0.816497E+00
 -0.163299E+01   0.390841E+01   0.000000E+00   0.141421E+01  -0.816497E+00
  0.816497E+00  -0.429476E+01   0.141421E+01   0.000000E+00  -0.163299E+01
  0.816496E+00  -0.429476E+01   0.141421E+01  -0.141421E+01   0.816496E+00
 -0.163299E+01  -0.429476E+01   0.000000E+00   0.141421E+01  -0.816496E+00
 -0.163299E+01  -0.429476E+01   0.000000E+00  -0.141421E+01  -0.816497E+00
  0.816497E+00  -0.429476E+01  -0.141421E+01   0.141421E+01   0.816497E+00
  0.816497E+00  -0.429476E+01  -0.141421E+01   0.000000E+00  -0.163299E+01
  0.816496E+00  -0.429476E+01   0.141421E+01   0.000000E+00   0.163299E+01
  0.816496E+00  -0.429476E+01   0.141421E+01   0.141421E+01  -0.816496E+00
 -0.163299E+01  -0.429476E+01   0.000000E+00  -0.141421E+01   0.816496E+00
 -0.163299E+01  -0.429476E+01   0.000000E+00   0.141421E+01   0.816497E+00
  0.816496E+00  -0.429476E+01  -0.141421E+01  -0.141421E+01  -0.816496E+00
  0.816496E+00  -0.429476E+01  -0.141421E+01   0.000000E+00   0.163299E+01

 nvtx = 121

 18  0
 0.7647836  0.4415480  0.4691924    0.5229299  0.0000000 -0.8523757  3.000
 0.7647836  0.4415480  0.4691924    0.2614650  0.4528706 -0.8523757  3.000
 0.0000000  0.8830960  0.4691924    0.2614650  0.4528706 -0.8523757  3.000
 0.0000000  0.8830960  0.4691924   -0.2614650  0.4528706 -0.8523757  3.000
-0.7647836  0.4415480  0.4691924   -0.2614650  0.4528706 -0.8523757  3.000
-0.7647836  0.4415480  0.4691924   -0.5229299  0.0000000 -0.8523757  3.000
-0.7647836 -0.4415480  0.4691924   -0.5229299  0.0000000 -0.8523757  3.000
-0.7647836 -0.4415480  0.4691924   -0.2614650 -0.4528706 -0.8523757  3.000
 0.0000000 -0.8830960  0.4691924   -0.2614650 -0.4528706 -0.8523757  3.000
 0.0000000 -0.8830960  0.4691924    0.2614650 -0.4528706 -0.8523757  3.000
 0.7647836 -0.4415480  0.4691924    0.2614650 -0.4528706 -0.8523757  3.000
 0.7647836 -0.4415480  0.4691924    0.5229299  0.0000000 -0.8523757  3.000
 0.8660254  0.5000000  0.0000000    0.5000000 -0.8660254  0.0000000  1.000
 0.0000000  1.0000000  0.0000000    1.0000000  0.0000000  0.0000000  1.000
-0.8660254  0.5000000  0.0000000    0.5000000  0.8660254  0.0000000  1.000
 0.0000000  0.0000000  1.0000000    0.5000000 -0.8660254  0.0000000  1.000
 0.0000000  0.0000000  1.0000000    1.0000000  0.0000000  0.0000000  1.000
 0.0000000  0.0000000  1.0000000    0.5000000  0.8660254  0.0000000  1.000

===============================================================

       16  irreducible vertices out of  121  vertices
   1     0.000000    -6.124823     0.000000     0.000000    -0.000001
   6    -0.216904    -5.044394     0.375688     0.707106     1.224745
  19     0.322931    -5.182015    -1.414214     0.244045     0.788069
  26     0.118698    -4.622011     1.414214     0.276802     1.473181
  36     0.334582    -5.044394     0.000000     0.000000     1.632993
  40     0.816497    -5.182014    -1.414214     0.000000     0.000000
  45    -1.632993    -3.908414     0.000000     0.000000     1.632993
  51     0.718776    -5.044394    -1.244957     0.707107     1.224745
  64     0.698168    -4.965714    -1.414214     0.669177     1.246644
  76     0.334582    -4.572989    -1.414214     0.000000     1.632993
  79    -0.816496    -5.182015    -1.414214     0.000000     0.000000
  85     1.632993    -4.294755     0.000000     0.000000     1.632993
  90     0.816497    -4.931555    -1.414214     0.707107     1.224745
  96    -0.816497    -4.352044     1.414213     0.707107     1.224745
 101     0.816496     3.908414     1.414214     0.000000     1.632993
 121     0.816496    -4.294755    -1.414214     0.000000     1.632993

