  0.000000E+00  -0.102080E+02   0.000000E+00   0.000000E+00  -0.229040E-05
 -0.216904E+00  -0.912761E+01   0.375688E+00  -0.707106E+00  -0.122475E+01
  0.433807E+00  -0.912761E+01   0.000000E+00  -0.141421E+01   0.000000E+00
 -0.216904E+00  -0.912761E+01  -0.375688E+00   0.707108E+00  -0.122474E+01
  0.433807E+00  -0.912761E+01   0.000000E+00   0.141421E+01   0.101328E-05
 -0.216904E+00  -0.912761E+01   0.375688E+00   0.707106E+00   0.122475E+01
 -0.216904E+00  -0.912761E+01  -0.375688E+00  -0.707108E+00   0.122474E+01
  0.322929E+00  -0.926523E+01   0.141421E+01   0.244045E+00  -0.788070E+00
  0.106328E+01  -0.926523E+01   0.986772E+00  -0.560466E+00   0.605384E+00
 -0.138621E+01  -0.926523E+01  -0.427442E+00   0.804511E+00  -0.182686E+00
 -0.138621E+01  -0.926523E+01   0.427441E+00  -0.804511E+00  -0.182686E+00
  0.106328E+01  -0.926523E+01  -0.986772E+00   0.560466E+00   0.605384E+00
  0.322930E+00  -0.926523E+01  -0.141421E+01  -0.244045E+00  -0.788070E+00
  0.322929E+00  -0.926523E+01   0.141421E+01  -0.244045E+00   0.788070E+00
  0.106328E+01  -0.926523E+01   0.986772E+00   0.560466E+00  -0.605384E+00
 -0.138621E+01  -0.926523E+01  -0.427442E+00  -0.804511E+00   0.182686E+00
 -0.138621E+01  -0.926523E+01   0.427441E+00   0.804511E+00   0.182686E+00
  0.106328E+01  -0.926523E+01  -0.986772E+00  -0.560466E+00  -0.605384E+00
  0.322929E+00  -0.926523E+01  -0.141421E+01   0.244045E+00   0.788070E+00
  0.118696E+00  -0.870523E+01   0.141421E+01  -0.276802E+00  -0.147318E+01
  0.116540E+01  -0.870523E+01   0.809901E+00  -0.141421E+01   0.496874E+00
 -0.128409E+01  -0.870523E+01  -0.604313E+00   0.113741E+01  -0.976308E+00
 -0.128409E+01  -0.870523E+01   0.604313E+00  -0.113741E+01  -0.976308E+00
  0.116540E+01  -0.870523E+01  -0.809901E+00   0.141421E+01   0.496874E+00
  0.118697E+00  -0.870523E+01  -0.141421E+01   0.276802E+00  -0.147318E+01
  0.118696E+00  -0.870523E+01   0.141421E+01   0.276801E+00   0.147318E+01
  0.116540E+01  -0.870523E+01   0.809901E+00   0.141421E+01  -0.496873E+00
 -0.128409E+01  -0.870523E+01  -0.604313E+00  -0.113741E+01   0.976308E+00
 -0.128409E+01  -0.870523E+01   0.604312E+00   0.113741E+01   0.976308E+00
  0.116540E+01  -0.870523E+01  -0.809901E+00  -0.141421E+01  -0.496873E+00
  0.118696E+00  -0.870523E+01  -0.141421E+01  -0.276801E+00   0.147318E+01
 -0.167290E+00  -0.912761E+01  -0.289757E+00  -0.141421E+01  -0.816498E+00
  0.334581E+00  -0.912761E+01   0.114739E-05   0.119209E-05  -0.163299E+01
 -0.167292E+00  -0.912761E+01   0.289755E+00   0.141421E+01  -0.816496E+00
 -0.167290E+00  -0.912761E+01  -0.289757E+00   0.141421E+01   0.816498E+00
  0.334581E+00  -0.912761E+01   0.116229E-05  -0.125170E-05   0.163299E+01
 -0.167292E+00  -0.912761E+01   0.289755E+00  -0.141421E+01   0.816496E+00
  0.816498E+00  -0.926523E+01   0.141421E+01   0.000000E+00   0.000000E+00
 -0.163299E+01  -0.926523E+01   0.000000E+00   0.000000E+00   0.000000E+00
  0.816496E+00  -0.926523E+01  -0.141421E+01   0.000000E+00   0.000000E+00
  0.816497E+00  -0.799163E+01   0.141421E+01  -0.141421E+01  -0.816496E+00
 -0.163299E+01  -0.799163E+01   0.000000E+00   0.000000E+00  -0.163299E+01
  0.816497E+00  -0.799163E+01  -0.141421E+01   0.141421E+01  -0.816496E+00
  0.816496E+00  -0.799163E+01   0.141421E+01   0.141421E+01   0.816497E+00
 -0.163299E+01  -0.799163E+01   0.000000E+00   0.000000E+00   0.163299E+01
  0.816496E+00  -0.799163E+01  -0.141421E+01  -0.141421E+01   0.816497E+00
  0.718775E+00  -0.912761E+01   0.124496E+01   0.707106E+00  -0.122475E+01
  0.718776E+00  -0.912761E+01   0.124496E+01  -0.707107E+00   0.122474E+01
 -0.143755E+01  -0.912761E+01  -0.119209E-05   0.141421E+01   0.000000E+00
 -0.143755E+01  -0.912761E+01   0.000000E+00  -0.141421E+01   0.000000E+00
  0.718777E+00  -0.912761E+01  -0.124496E+01   0.707107E+00   0.122474E+01
  0.718775E+00  -0.912761E+01  -0.124496E+01  -0.707106E+00  -0.122475E+01
  0.698166E+00  -0.904893E+01   0.141421E+01   0.669176E+00  -0.124664E+01
  0.875662E+00  -0.904893E+01   0.131174E+01  -0.745037E+00   0.120285E+01
 -0.157383E+01  -0.904893E+01  -0.102478E+00   0.141421E+01  -0.437981E-01
 -0.157383E+01  -0.904893E+01   0.102477E+00  -0.141421E+01  -0.437984E-01
  0.875662E+00  -0.904893E+01  -0.131174E+01   0.745037E+00   0.120285E+01
  0.698166E+00  -0.904893E+01  -0.141421E+01  -0.669176E+00  -0.124664E+01
  0.698166E+00  -0.904893E+01   0.141421E+01  -0.669176E+00   0.124664E+01
  0.875662E+00  -0.904893E+01   0.131174E+01   0.745037E+00  -0.120285E+01
 -0.157383E+01  -0.904893E+01  -0.102478E+00  -0.141421E+01   0.437981E-01
 -0.157383E+01  -0.904893E+01   0.102477E+00   0.141421E+01   0.437984E-01
  0.875662E+00  -0.904893E+01  -0.131174E+01  -0.745037E+00  -0.120285E+01
  0.698166E+00  -0.904893E+01  -0.141421E+01   0.669176E+00   0.124664E+01
  0.334579E+00  -0.865621E+01   0.141421E+01   0.000000E+00  -0.163299E+01
  0.105746E+01  -0.865621E+01   0.996860E+00  -0.141421E+01   0.816496E+00
 -0.139203E+01  -0.865621E+01  -0.417353E+00   0.141421E+01  -0.816496E+00
 -0.139203E+01  -0.865621E+01   0.417353E+00  -0.141421E+01  -0.816497E+00
  0.105746E+01  -0.865621E+01  -0.996860E+00   0.141421E+01   0.816497E+00
  0.334579E+00  -0.865621E+01  -0.141421E+01   0.000000E+00  -0.163299E+01
  0.334578E+00  -0.865621E+01   0.141421E+01   0.000000E+00   0.163299E+01
  0.105746E+01  -0.865621E+01   0.996861E+00   0.141421E+01  -0.816496E+00
 -0.139203E+01  -0.865621E+01  -0.417354E+00  -0.141421E+01   0.816496E+00
 -0.139203E+01  -0.865621E+01   0.417353E+00   0.141421E+01   0.816497E+00
  0.105746E+01  -0.865621E+01  -0.996860E+00  -0.141421E+01  -0.816496E+00
  0.334578E+00  -0.865621E+01  -0.141421E+01   0.000000E+00   0.163299E+01
  0.163299E+01  -0.926523E+01   0.000000E+00   0.000000E+00   0.000000E+00
 -0.816497E+00  -0.926523E+01   0.141421E+01   0.000000E+00   0.000000E+00
 -0.816496E+00  -0.926523E+01  -0.141421E+01   0.000000E+00   0.000000E+00
  0.163299E+01  -0.837797E+01   0.000000E+00   0.000000E+00  -0.163299E+01
 -0.816497E+00  -0.837797E+01   0.141421E+01  -0.141421E+01   0.816496E+00
 -0.816497E+00  -0.837797E+01   0.141421E+01   0.141421E+01  -0.816496E+00
 -0.816496E+00  -0.837797E+01  -0.141421E+01  -0.141421E+01  -0.816497E+00
 -0.816496E+00  -0.837797E+01  -0.141421E+01   0.141421E+01   0.816497E+00
  0.163299E+01  -0.837797E+01   0.000000E+00   0.000000E+00   0.163299E+01
  0.816497E+00  -0.901477E+01   0.141421E+01   0.707107E+00  -0.122474E+01
  0.816496E+00  -0.901477E+01   0.141421E+01  -0.707107E+00   0.122474E+01
 -0.163299E+01  -0.901477E+01   0.000000E+00   0.141421E+01   0.000000E+00
 -0.163299E+01  -0.901477E+01   0.000000E+00  -0.141421E+01   0.000000E+00
  0.816497E+00  -0.901477E+01  -0.141421E+01   0.707107E+00   0.122474E+01
  0.816497E+00  -0.901477E+01  -0.141421E+01  -0.707107E+00  -0.122474E+01
  0.163299E+01  -0.843526E+01   0.000000E+00  -0.141421E+01   0.000000E+00
 -0.816497E+00  -0.843526E+01   0.141421E+01  -0.707107E+00  -0.122474E+01
 -0.816496E+00  -0.843526E+01  -0.141421E+01   0.707107E+00  -0.122474E+01
  0.163299E+01  -0.843526E+01   0.000000E+00   0.141421E+01   0.000000E+00
 -0.816497E+00  -0.843526E+01   0.141421E+01   0.707107E+00   0.122475E+01
 -0.816496E+00  -0.843526E+01  -0.141421E+01  -0.707107E+00   0.122474E+01
 -0.163299E+01   0.799163E+01   0.000000E+00   0.141421E+01   0.816497E+00
  0.816497E+00   0.799163E+01  -0.141421E+01   0.141421E+01   0.816497E+00
  0.816497E+00   0.799163E+01  -0.141421E+01   0.000000E+00   0.163299E+01
  0.816496E+00   0.799163E+01   0.141421E+01   0.000000E+00   0.163299E+01
  0.816496E+00   0.799163E+01   0.141421E+01  -0.141421E+01   0.816496E+00
 -0.163299E+01   0.799163E+01   0.000000E+00  -0.141421E+01   0.816496E+00
 -0.163299E+01   0.799163E+01   0.000000E+00  -0.141421E+01  -0.816497E+00
  0.816497E+00   0.799163E+01  -0.141421E+01  -0.141421E+01  -0.816497E+00
  0.816497E+00   0.799163E+01  -0.141421E+01   0.000000E+00  -0.163299E+01
  0.816496E+00   0.799163E+01   0.141421E+01   0.000000E+00  -0.163299E+01
  0.816497E+00   0.799163E+01   0.141421E+01   0.141421E+01  -0.816497E+00
 -0.163299E+01   0.799163E+01   0.000000E+00   0.141421E+01  -0.816497E+00
  0.816497E+00  -0.837797E+01   0.141421E+01   0.000000E+00  -0.163299E+01
  0.816496E+00  -0.837797E+01   0.141421E+01  -0.141421E+01   0.816496E+00
 -0.163299E+01  -0.837797E+01   0.000000E+00   0.141421E+01  -0.816496E+00
 -0.163299E+01  -0.837797E+01   0.000000E+00  -0.141421E+01  -0.816497E+00
  0.816497E+00  -0.837797E+01  -0.141421E+01   0.141421E+01   0.816497E+00
  0.816497E+00  -0.837797E+01  -0.141421E+01   0.000000E+00  -0.163299E+01
  0.816496E+00  -0.837797E+01   0.141421E+01   0.000000E+00   0.163299E+01
  0.816496E+00  -0.837797E+01   0.141421E+01   0.141421E+01  -0.816496E+00
 -0.163299E+01  -0.837797E+01   0.000000E+00  -0.141421E+01   0.816496E+00
 -0.163299E+01  -0.837797E+01   0.000000E+00   0.141421E+01   0.816497E+00
  0.816496E+00  -0.837797E+01  -0.141421E+01  -0.141421E+01  -0.816496E+00
  0.816496E+00  -0.837797E+01  -0.141421E+01   0.000000E+00   0.163299E+01

nvtx = 121

 18  0
 0.7647836  0.4415480  0.4691924    0.5229299  0.0000000 -0.8523757  5.000
 0.7647836  0.4415480  0.4691924    0.2614650  0.4528706 -0.8523757  5.000
 0.0000000  0.8830960  0.4691924    0.2614650  0.4528706 -0.8523757  5.000
 0.0000000  0.8830960  0.4691924   -0.2614650  0.4528706 -0.8523757  5.000
-0.7647836  0.4415480  0.4691924   -0.2614650  0.4528706 -0.8523757  5.000
-0.7647836  0.4415480  0.4691924   -0.5229299  0.0000000 -0.8523757  5.000
-0.7647836 -0.4415480  0.4691924   -0.5229299  0.0000000 -0.8523757  5.000
-0.7647836 -0.4415480  0.4691924   -0.2614650 -0.4528706 -0.8523757  5.000
 0.0000000 -0.8830960  0.4691924   -0.2614650 -0.4528706 -0.8523757  5.000
 0.0000000 -0.8830960  0.4691924    0.2614650 -0.4528706 -0.8523757  5.000
 0.7647836 -0.4415480  0.4691924    0.2614650 -0.4528706 -0.8523757  5.000
 0.7647836 -0.4415480  0.4691924    0.5229299  0.0000000 -0.8523757  5.000
 0.8660254  0.5000000  0.0000000    0.5000000 -0.8660254  0.0000000  1.000
 0.0000000  1.0000000  0.0000000    1.0000000  0.0000000  0.0000000  1.000
-0.8660254  0.5000000  0.0000000    0.5000000  0.8660254  0.0000000  1.000
 0.0000000  0.0000000  1.0000000    0.5000000 -0.8660254  0.0000000  1.000
 0.0000000  0.0000000  1.0000000    1.0000000  0.0000000  0.0000000  1.000
 0.0000000  0.0000000  1.0000000    0.5000000  0.8660254  0.0000000  1.000

===============================================================

       16  irreducible vertices out of  121  vertices
   1     0.000000   -10.208038     0.000000     0.000000    -0.000002
   6    -0.216904    -9.127610     0.375688     0.707106     1.224745
  19     0.322929    -9.265231    -1.414214     0.244045     0.788070
  26     0.118696    -8.705228     1.414214     0.276801     1.473182
   0     0.000000     0.000000     0.000000     0.000000     0.000000
  40     0.816496    -9.265230    -1.414215     0.000000     0.000000
  45    -1.632993    -7.991630     0.000000     0.000000     1.632993
  51     0.718777    -9.127609    -1.244956     0.707107     1.224745
  64     0.698166    -9.048931    -1.414214     0.669176     1.246644
  76     0.334578    -8.656206    -1.414214     0.000000     1.632993
  79    -0.816496    -9.265230    -1.414214     0.000000     0.000000
  85     1.632993    -8.377971     0.000000     0.000000     1.632993
  90     0.816497    -9.014771    -1.414214     0.707107     1.224745
  96    -0.816497    -8.435259     1.414213     0.707107     1.224745
 101     0.816496     7.991629     1.414214     0.000000     1.632993
 121     0.816496    -8.377971    -1.414214     0.000000     1.632993

