
Vert hcp 121.01
Jump to: navigation, search

  0.000000E+00  -0.204161E+01   0.000000E+00   0.000000E+00   0.000000E+00
 -0.216904E+00  -0.961178E+00   0.375689E+00  -0.707107E+00  -0.122474E+01
  0.433808E+00  -0.961178E+00   0.000000E+00  -0.141421E+01   0.000000E+00
 -0.216904E+00  -0.961178E+00  -0.375689E+00   0.707107E+00  -0.122474E+01
  0.433808E+00  -0.961178E+00   0.000000E+00   0.141421E+01   0.000000E+00
 -0.216904E+00  -0.961178E+00   0.375689E+00   0.707107E+00   0.122475E+01
 -0.216904E+00  -0.961178E+00  -0.375689E+00  -0.707107E+00   0.122474E+01
  0.322932E+00  -0.109880E+01   0.141421E+01   0.244045E+00  -0.788069E+00
  0.106328E+01  -0.109880E+01   0.986774E+00  -0.560465E+00   0.605383E+00
 -0.138621E+01  -0.109880E+01  -0.427440E+00   0.804510E+00  -0.182685E+00
 -0.138621E+01  -0.109880E+01   0.427439E+00  -0.804510E+00  -0.182686E+00
  0.106328E+01  -0.109880E+01  -0.986774E+00   0.560465E+00   0.605383E+00
  0.322932E+00  -0.109880E+01  -0.141421E+01  -0.244045E+00  -0.788069E+00
  0.322932E+00  -0.109880E+01   0.141421E+01  -0.244045E+00   0.788069E+00
  0.106328E+01  -0.109880E+01   0.986775E+00   0.560465E+00  -0.605383E+00
 -0.138621E+01  -0.109880E+01  -0.427440E+00  -0.804510E+00   0.182685E+00
 -0.138621E+01  -0.109880E+01   0.427439E+00   0.804510E+00   0.182686E+00
  0.106328E+01  -0.109880E+01  -0.986774E+00  -0.560465E+00  -0.605383E+00
  0.322932E+00  -0.109880E+01  -0.141421E+01   0.244045E+00   0.788069E+00
  0.118698E+00  -0.538795E+00   0.141421E+01  -0.276802E+00  -0.147318E+01
  0.116540E+01  -0.538795E+00   0.809902E+00  -0.141421E+01   0.496873E+00
 -0.128409E+01  -0.538795E+00  -0.604311E+00   0.113741E+01  -0.976308E+00
 -0.128409E+01  -0.538795E+00   0.604311E+00  -0.113741E+01  -0.976308E+00
  0.116540E+01  -0.538795E+00  -0.809902E+00   0.141421E+01   0.496873E+00
  0.118698E+00  -0.538795E+00  -0.141421E+01   0.276802E+00  -0.147318E+01
  0.118698E+00  -0.538795E+00   0.141421E+01   0.276802E+00   0.147318E+01
  0.116540E+01  -0.538795E+00   0.809903E+00   0.141421E+01  -0.496873E+00
 -0.128409E+01  -0.538795E+00  -0.604311E+00  -0.113741E+01   0.976308E+00
 -0.128409E+01  -0.538795E+00   0.604311E+00   0.113741E+01   0.976308E+00
  0.116540E+01  -0.538795E+00  -0.809902E+00  -0.141421E+01  -0.496873E+00
  0.118698E+00  -0.538795E+00  -0.141421E+01  -0.276802E+00   0.147318E+01
 -0.167291E+00  -0.961178E+00  -0.289756E+00  -0.141421E+01  -0.816497E+00
  0.334582E+00  -0.961178E+00   0.000000E+00   0.000000E+00  -0.163299E+01
 -0.167291E+00  -0.961178E+00   0.289756E+00   0.141421E+01  -0.816496E+00
 -0.167291E+00  -0.961178E+00  -0.289756E+00   0.141421E+01   0.816497E+00
  0.334582E+00  -0.961178E+00   0.000000E+00   0.000000E+00   0.163299E+01
 -0.167291E+00  -0.961178E+00   0.289756E+00  -0.141421E+01   0.816497E+00
  0.816496E+00  -0.109880E+01   0.141421E+01   0.000000E+00   0.000000E+00
 -0.163299E+01  -0.109880E+01   0.000000E+00   0.000000E+00   0.000000E+00
  0.816497E+00  -0.109880E+01  -0.141421E+01   0.000000E+00   0.000000E+00
  0.816497E+00   0.174802E+00   0.141421E+01  -0.141421E+01  -0.816496E+00
 -0.163299E+01   0.174802E+00   0.000000E+00   0.000000E+00  -0.163299E+01
  0.816497E+00   0.174802E+00  -0.141421E+01   0.141421E+01  -0.816497E+00
  0.816496E+00   0.174802E+00   0.141421E+01   0.141421E+01   0.816496E+00
 -0.163299E+01   0.174802E+00   0.000000E+00   0.000000E+00   0.163299E+01
  0.816496E+00   0.174802E+00  -0.141421E+01  -0.141421E+01   0.816497E+00
  0.718776E+00  -0.961178E+00   0.124496E+01   0.707107E+00  -0.122474E+01
  0.718776E+00  -0.961178E+00   0.124496E+01  -0.707107E+00   0.122474E+01
 -0.143755E+01  -0.961178E+00   0.000000E+00   0.141421E+01   0.000000E+00
 -0.143755E+01  -0.961178E+00   0.000000E+00  -0.141421E+01   0.000000E+00
  0.718776E+00  -0.961178E+00  -0.124496E+01   0.707107E+00   0.122474E+01
  0.718776E+00  -0.961178E+00  -0.124496E+01  -0.707107E+00  -0.122475E+01
  0.698167E+00  -0.882499E+00   0.141421E+01   0.669177E+00  -0.124664E+01
  0.875661E+00  -0.882499E+00   0.131174E+01  -0.745037E+00   0.120285E+01
 -0.157383E+01  -0.882499E+00  -0.102476E+00   0.141421E+01  -0.437976E-01
 -0.157383E+01  -0.882499E+00   0.102476E+00  -0.141421E+01  -0.437979E-01
  0.875661E+00  -0.882499E+00  -0.131174E+01   0.745037E+00   0.120285E+01
  0.698168E+00  -0.882499E+00  -0.141421E+01  -0.669177E+00  -0.124664E+01
  0.698167E+00  -0.882499E+00   0.141421E+01  -0.669177E+00   0.124664E+01
  0.875661E+00  -0.882499E+00   0.131174E+01   0.745037E+00  -0.120285E+01
 -0.157383E+01  -0.882499E+00  -0.102476E+00  -0.141421E+01   0.437976E-01
 -0.157383E+01  -0.882499E+00   0.102476E+00   0.141421E+01   0.437979E-01
  0.875661E+00  -0.882499E+00  -0.131174E+01  -0.745037E+00  -0.120285E+01
  0.698167E+00  -0.882499E+00  -0.141421E+01   0.669177E+00   0.124664E+01
  0.334581E+00  -0.489773E+00   0.141421E+01   0.000000E+00  -0.163299E+01
  0.105745E+01  -0.489773E+00   0.996863E+00  -0.141421E+01   0.816496E+00
 -0.139204E+01  -0.489773E+00  -0.417351E+00   0.141421E+01  -0.816496E+00
 -0.139204E+01  -0.489773E+00   0.417351E+00  -0.141421E+01  -0.816497E+00
  0.105745E+01  -0.489773E+00  -0.996863E+00   0.141421E+01   0.816497E+00
  0.334582E+00  -0.489773E+00  -0.141421E+01   0.000000E+00  -0.163299E+01
  0.334581E+00  -0.489773E+00   0.141421E+01   0.000000E+00   0.163299E+01
  0.105745E+01  -0.489773E+00   0.996863E+00   0.141421E+01  -0.816496E+00
 -0.139204E+01  -0.489773E+00  -0.417351E+00  -0.141421E+01   0.816496E+00
 -0.139204E+01  -0.489773E+00   0.417351E+00   0.141421E+01   0.816497E+00
  0.105745E+01  -0.489773E+00  -0.996863E+00  -0.141421E+01  -0.816496E+00
  0.334581E+00  -0.489773E+00  -0.141421E+01   0.000000E+00   0.163299E+01
  0.163299E+01  -0.109880E+01   0.000000E+00   0.000000E+00   0.000000E+00
 -0.816497E+00  -0.109880E+01   0.141421E+01   0.000000E+00   0.000000E+00
 -0.816496E+00  -0.109880E+01  -0.141421E+01   0.000000E+00   0.000000E+00
  0.163299E+01  -0.211539E+00   0.000000E+00   0.000000E+00  -0.163299E+01
 -0.816497E+00  -0.211539E+00   0.141421E+01  -0.141421E+01   0.816496E+00
 -0.816497E+00  -0.211539E+00   0.141421E+01   0.141421E+01  -0.816496E+00
 -0.816496E+00  -0.211539E+00  -0.141421E+01  -0.141421E+01  -0.816497E+00
 -0.816496E+00  -0.211539E+00  -0.141421E+01   0.141421E+01   0.816497E+00
  0.163299E+01  -0.211539E+00   0.000000E+00   0.000000E+00   0.163299E+01
  0.816497E+00  -0.848340E+00   0.141421E+01   0.707107E+00  -0.122474E+01
  0.816496E+00  -0.848340E+00   0.141421E+01  -0.707107E+00   0.122474E+01
 -0.163299E+01  -0.848340E+00   0.000000E+00   0.141421E+01   0.000000E+00
 -0.163299E+01  -0.848340E+00   0.000000E+00  -0.141421E+01   0.000000E+00
  0.816497E+00  -0.848340E+00  -0.141421E+01   0.707107E+00   0.122474E+01
  0.816497E+00  -0.848340E+00  -0.141421E+01  -0.707107E+00  -0.122474E+01
  0.163299E+01  -0.268828E+00   0.000000E+00  -0.141421E+01   0.000000E+00
 -0.816497E+00  -0.268828E+00   0.141421E+01  -0.707107E+00  -0.122474E+01
 -0.816496E+00  -0.268828E+00  -0.141421E+01   0.707107E+00  -0.122474E+01
  0.163299E+01  -0.268828E+00   0.000000E+00   0.141421E+01   0.000000E+00
 -0.816497E+00  -0.268828E+00   0.141421E+01   0.707107E+00   0.122475E+01
 -0.816496E+00  -0.268828E+00  -0.141421E+01  -0.707107E+00   0.122474E+01
 -0.163299E+01  -0.174802E+00   0.000000E+00   0.141421E+01   0.816497E+00
  0.816497E+00  -0.174802E+00  -0.141421E+01   0.141421E+01   0.816497E+00
  0.816497E+00  -0.174802E+00  -0.141421E+01   0.000000E+00   0.163299E+01
  0.816496E+00  -0.174802E+00   0.141421E+01   0.000000E+00   0.163299E+01
  0.816496E+00  -0.174802E+00   0.141421E+01  -0.141421E+01   0.816496E+00
 -0.163299E+01  -0.174802E+00   0.000000E+00  -0.141421E+01   0.816496E+00
 -0.163299E+01  -0.174802E+00   0.000000E+00  -0.141421E+01  -0.816497E+00
  0.816497E+00  -0.174802E+00  -0.141421E+01  -0.141421E+01  -0.816497E+00
  0.816497E+00  -0.174802E+00  -0.141421E+01   0.000000E+00  -0.163299E+01
  0.816496E+00  -0.174802E+00   0.141421E+01   0.000000E+00  -0.163299E+01
  0.816497E+00  -0.174802E+00   0.141421E+01   0.141421E+01  -0.816497E+00
 -0.163299E+01  -0.174802E+00   0.000000E+00   0.141421E+01  -0.816497E+00
  0.816497E+00  -0.211539E+00   0.141421E+01   0.000000E+00  -0.163299E+01
  0.816496E+00  -0.211539E+00   0.141421E+01  -0.141421E+01   0.816496E+00
 -0.163299E+01  -0.211539E+00   0.000000E+00   0.141421E+01  -0.816496E+00
 -0.163299E+01  -0.211539E+00   0.000000E+00  -0.141421E+01  -0.816497E+00
  0.816497E+00  -0.211539E+00  -0.141421E+01   0.141421E+01   0.816497E+00
  0.816497E+00  -0.211539E+00  -0.141421E+01   0.000000E+00  -0.163299E+01
  0.816496E+00  -0.211539E+00   0.141421E+01   0.000000E+00   0.163299E+01
  0.816496E+00  -0.211539E+00   0.141421E+01   0.141421E+01  -0.816496E+00
 -0.163299E+01  -0.211539E+00   0.000000E+00  -0.141421E+01   0.816496E+00
 -0.163299E+01  -0.211539E+00   0.000000E+00   0.141421E+01   0.816497E+00
  0.816496E+00  -0.211539E+00  -0.141421E+01  -0.141421E+01  -0.816496E+00
  0.816496E+00  -0.211539E+00  -0.141421E+01   0.000000E+00   0.163299E+01

 nvtx = 121

 18  0
 0.7647836  0.4415480  0.4691924    0.5229299  0.0000000 -0.8523757  1.000
 0.7647836  0.4415480  0.4691924    0.2614650  0.4528706 -0.8523757  1.000
 0.0000000  0.8830960  0.4691924    0.2614650  0.4528706 -0.8523757  1.000
 0.0000000  0.8830960  0.4691924   -0.2614650  0.4528706 -0.8523757  1.000
-0.7647836  0.4415480  0.4691924   -0.2614650  0.4528706 -0.8523757  1.000
-0.7647836  0.4415480  0.4691924   -0.5229299  0.0000000 -0.8523757  1.000
-0.7647836 -0.4415480  0.4691924   -0.5229299  0.0000000 -0.8523757  1.000
-0.7647836 -0.4415480  0.4691924   -0.2614650 -0.4528706 -0.8523757  1.000
 0.0000000 -0.8830960  0.4691924   -0.2614650 -0.4528706 -0.8523757  1.000
 0.0000000 -0.8830960  0.4691924    0.2614650 -0.4528706 -0.8523757  1.000
 0.7647836 -0.4415480  0.4691924    0.2614650 -0.4528706 -0.8523757  1.000
 0.7647836 -0.4415480  0.4691924    0.5229299  0.0000000 -0.8523757  1.000
 0.8660254  0.5000000  0.0000000    0.5000000 -0.8660254  0.0000000  1.000
 0.0000000  1.0000000  0.0000000    1.0000000  0.0000000  0.0000000  1.000
-0.8660254  0.5000000  0.0000000    0.5000000  0.8660254  0.0000000  1.000
 0.0000000  0.0000000  1.0000000    0.5000000 -0.8660254  0.0000000  1.000
 0.0000000  0.0000000  1.0000000    1.0000000  0.0000000  0.0000000  1.000
 0.0000000  0.0000000  1.0000000    0.5000000  0.8660254  0.0000000  1.000

===============================================================

       16  irreducible vertices out of  121  vertices
   1     0.000000    -2.041608     0.000000     0.000000     0.000000
   6    -0.216904    -0.961178     0.375689     0.707107     1.224745
  19     0.322932    -1.098799    -1.414214     0.244045     0.788069
  26     0.118698    -0.538795     1.414214     0.276802     1.473181
  36     0.334582    -0.961178     0.000000     0.000000     1.632993
  40     0.816497    -1.098799    -1.414213     0.000000     0.000000
  45    -1.632993     0.174802     0.000000     0.000000     1.632993
  51     0.718776    -0.961178    -1.244957     0.707107     1.224745
  64     0.698167    -0.882499    -1.414214     0.669177     1.246644
  76     0.334581    -0.489773    -1.414214     0.000000     1.632993
  79    -0.816496    -1.098799    -1.414214     0.000000     0.000000
  85     1.632993    -0.211539     0.000000     0.000000     1.632993
  90     0.816497    -0.848340    -1.414214     0.707107     1.224745
  96    -0.816497    -0.268828     1.414213     0.707107     1.224745
 101     0.816496    -0.174802     1.414214     0.000000     1.632993
 121     0.816496    -0.211539    -1.414214     0.000000     1.632993

    Log in

    Page
    Discussion

    Read
    View source
    View history

    Home
    About
    Editing ICME
    Category Index

Materials

    Metals
    Ceramics
    Polymers
    Biomaterials
    Geomaterials
    Joints
    Characterization

Material Models
Design
Resources
Projects
Education

    Mississippi State U.
    Missouri S&T
    Northwestern U.
    Louisiana State U.
    U. of Nevada
    Worcester Poly. Inst.
    U. of Oklahoma
    India Inst. Tech. Hyperabad
    Mahindra Centrale
    India Inst. Tech. Roorkee

Toolbox

    What links here
    Related changes
    Special pages
    Printable version
    Permanent link

    This page was last modified on 18 November 2010, at 10:23.
    This page has been accessed 2,994 times.

    Privacy policy
    About EVOCD
    Disclaimers

    Powered by MediaWiki


